gen | species | sizes                        | best fitness
------------------------------------------------------------
  0 |       1 | 30                           | 0.6667
  1 |       3 | 1,2,27                       | 0.7263
  2 |      13 | 1,1,1,1,1,1,1,1,1,1,4,6,10   | 0.7924
  3 |      20 | 1,1,1,1,1,1,1,1,1,1,1,2,2,2,2,2,2,2,2,3 | 0.8212
  4 |      26 | 1,1,1,1,1,1,1,1,1,1,1,1,1,1,1,1,1,1,1,1,1,1,1,2,2,3 | 0.8125
  5 |      27 | 1,1,1,1,1,1,1,1,1,1,1,1,1,1,1,1,1,1,1,1,1,1,1,1,2,2,2 | 0.8280
  6 |      24 | 1,1,1,1,1,1,1,1,1,1,1,1,1,1,1,1,1,1,1,1,1,1,2,6 | 0.8207
  7 |       1 | 30                           | 0.8126
  8 |       9 | 1,1,1,1,1,2,2,2,19           | 0.8209
  9 |       3 | 2,2,26                       | 0.8198
 10 |       1 | 30                           | 0.8340
 11 |       1 | 30                           | 0.8550
 12 |       1 | 30                           | 0.8698
 13 |       1 | 30                           | 0.8888
 14 |       1 | 30                           | 0.9002
 15 |       1 | 30                           | 0.9061
 16 |       1 | 30                           | 0.9079
 17 |       1 | 30                           | 0.9314
 18 |       1 | 30                           | 0.9455
 19 |       1 | 30                           | 0.9578
